(A|b)=
    1.00    5.00   -1.00    5.00
    1.00    1.00    8.00   10.00
    4.00    2.00    1.00    7.00
After Partial Pivoting, (A|b)=
    4.00    2.00    1.00    7.00
    1.00    5.00   -1.00    5.00
    1.00    1.00    8.00   10.00

k     x1         x2        x3
1   1.750001   1.000001   1.25000

2   0.937502   0.900002   0.90625

3   1.073443   0.993753   1.02031

4   0.998054   0.989384   0.99160

5   1.007415   0.998715   1.00157

6   1.000256   0.998836   0.99923

7   1.000787   0.999807   1.00011

8   1.000078   0.999878   0.99993
